______________________________________
Method used: Merge Sort
______________________________________
1. 41
2. 53
3. 153
4. 288
5. 292
6. 467
7. 491
8. 778
9. 900
10. 1150
11. 1655
12. 1842
13. 1869
14. 1999
15. 2082
16. 2306
17. 2421
18. 2995
19. 3035
20. 3430
21. 3548
22. 3602
23. 3728
24. 3788
25. 3902
26. 4031
27. 4041
28. 4596
29. 4639
30. 4664
31. 4734
32. 4827
33. 4833
34. 4966
35. 5021
36. 5097
37. 5436
38. 5447
39. 5537
40. 5705
41. 5829
42. 6270
43. 6334
44. 6359
45. 6422
46. 6483
47. 6617
48. 6729
49. 6868
50. 6900
51. 7376
52. 7711
53. 8281
54. 8723
55. 8909
56. 8942
57. 9040
58. 9161
59. 9374
60. 9514
61. 9741
62. 9758
63. 9894
64. 9930
65. 9961
66. 10291
67. 10383
68. 11020
69. 11323
70. 11337
71. 11478
72. 11538
73. 11840
74. 11942
75. 12052
76. 12287
77. 12316
78. 12382
79. 12623
80. 12859
81. 13030
82. 13290
83. 13931
84. 13966
85. 13977
86. 14310
87. 14604
88. 14771
89. 14893
90. 14945
91. 15006
92. 15141
93. 15350
94. 15457
95. 15573
96. 15574
97. 15724
98. 15890
99. 16118
100. 16413
101. 16512
102. 16541
103. 16827
104. 16941
105. 16944
106. 17035
107. 17410
108. 17421
109. 17673
110. 17807
111. 18007
112. 18127
113. 18467
114. 18588
115. 18636
116. 18716
117. 18756
118. 18762
119. 19072
120. 19169
121. 19264
122. 19629
123. 19668
124. 19718
125. 19895
126. 19912
127. 19954
128. 20037
129. 20537
130. 21538
131. 21548
132. 21724
133. 21726
134. 22190
135. 22355
136. 22386
137. 22483
138. 22648
139. 22704
140. 22813
141. 22929
142. 23199
143. 23281
144. 23655
145. 23805
146. 23811
147. 23986
148. 24021
149. 24084
150. 24221
151. 24350
152. 24370
153. 24393
154. 24464
155. 24484
156. 24626
157. 24648
158. 24767
159. 24946
160. 25547
161. 25667
162. 26299
163. 26308
164. 26418
165. 26500
166. 26777
167. 26924
168. 26962
169. 27348
170. 27350
171. 27446
172. 27506
173. 27529
174. 27595
175. 27624
176. 27644
177. 27753
178. 27938
179. 28145
180. 28253
181. 28703
182. 28745
183. 29168
184. 29358
185. 29658
186. 30106
187. 30191
188. 30333
189. 30836
190. 31101
191. 31107
192. 31115
193. 31322
194. 31673
195. 32209
196. 32391
197. 32439
198. 32591
199. 32662
200. 32757
